# Table of n, a(n) for n = 1..1161
# This is the b002975.txt text file.
# A002975: Primitive weird numbers.
# Dated 04 Aug 2009, updated 14 July 2018 by Robert G. Wilson v.
# Missing term a(1159) from https://oeis.org/A002975/a002975_23.txt
# inserted and reformatted by Georg Fischer, Jan 16 2019
1 70
2 836
3 4030
4 5830
5 7192
6 7912
7 9272
8 10792
9 17272
10 45356
11 73616
12 83312
13 91388
14 113072
15 243892
16 254012
17 338572
18 343876
19 388076
20 519712
21 539744
22 555616
23 682592
24 786208
25 1188256
26 1229152
27 1713592
28 1901728
29 2081824
30 2189024
31 3963968
32 4128448
33 4145216
34 4199030
35 4486208
36 4559552
37 4632896
38 4960448
39 5440192
40 5568448
41 6460864
42 6621632
43 7354304
44 7470272
45 8000704
46 8134208
47 8812312
48 9928792
49 11339816
50 11547352
51 12872512
52 12979264
53 13086016
54 14528576
55 15126992
56 17999992
57 28279232
58 29465852
59 29581424
60 31297472
61 33277312
62 33736064
63 34315712
64 34869056
65 35442304
66 36228736
67 36817024
68 37111168
69 37499776
70 38546576
71 43955584
72 44473216
73 44818304
74 52059008
75 52870528
76 55691392
77 58433152
78 58668928
79 58904704
80 74899952
81 85389368
82 89283592
83 91322752
84 92624768
85 95327216
86 110232704
87 120888092
88 141659096
89 146279296
90 146764264
91 160074368
92 162079768
93 167373952
94 173482552
95 254533504
96 259858324
97 260378492
98 263144192
99 263654656
100 266311424
101 266828032
102 267367168
103 267369728
104 268857088
105 269376256
106 270788864
107 271230208
108 272240768
109 279983488
110 280722688
111 286717696
112 292335872
113 295099136
114 297461504
115 299823872
116 300601088
117 301769984
118 351295232
119 352668416
120 353383168
121 354766592
122 357542656
123 380905216
124 410832532
125 431462656
126 434047232
127 462239488
128 530110208
129 555465472
130 557590784
131 569494624
132 589517056
133 590719232
134 632874016
135 653330176
136 655988992
137 664373504
138 724387072
139 727300352
140 728756992
141 731737856
142 775397948
143 785187524
144 790457984
145 795730688
146 824275072
147 877083392
148 878794496
149 903217276
150 976451968
151 989226964
152 993360512
153 1074465536
154 1078666496
155 1193081312
156 1550860550
157 1609445332
158 1673087984
159 1734487184
160 1788070352
161 2113834496
162 2120141312
163 2124130816
164 2130468352
165 2130652672
166 2132754944
167 2136664576
168 2138966528
169 2140993024
170 2141030912
171 2141853184
172 2143143424
173 2143266304
174 2148452864
175 2161975808
176 2168407552
177 2179922432
178 2188247552
179 2319548096
180 2322244096
181 2358115084
182 2369879552
183 2388218368
184 2400930304
185 2416677376
186 2424323584
187 2450092544
188 2472078848
189 2507605504
190 2529837568
191 2586356224
192 2639744512
193 2783397632
194 2806694144
195 2812606976
196 2821042688
197 2833911296
198 2839510528
199 2850739712
200 2856314368
201 2864676352
202 2894256896
203 2966679904
204 2981819648
205 3072067072
206 3147172352
207 3169563136
208 3188678144
209 3254323124
210 3255622144
211 3271461376
212 3299588608
213 3307591424
214 3307637248
215 3314526976
216 3327282688
217 3340379648
218 3343002112
219 3381352084
220 3381872252
221 3418827008
222 3446569216
223 3467375872
224 3507312128
225 3615025664
226 3781448788
227 3782267372
228 3786043904
229 3817647616
230 3821423104
231 3825198592
232 3832749568
233 3851608576
234 3859122688
235 4619089408
236 4733164768
237 5056717796
238 5065605532
239 5066413508
240 5353519168
241 5368043008
242 5378650624
243 5410473472
244 5421081088
245 5522263024
246 5526461488
247 5951439344
248 5954704816
249 6159729808
250 6245059136
251 6273554944
252 6375484208
253 6380848912
254 6579450368
255 6582608432
256 6583774672
257 6587973136
258 6890871296
259 6904596992
260 6933503488
261 7163795488
262 7453615616
263 8434508288
264 8442371584
265 8459221504
266 8476071424
267 8851446272
268 8938746368
269 9150295552
270 9210347984
271 9537494528
272 9594262016
273 9651029504
274 9772585048
275 9776437996
276 9843119884
277 10256443616
278 11097907192
279 12985220152
280 13011628544
281 13707973408
282 14468025568
283 14521294336
284 14636676608
285 14666066432
286 15152370176
287 16995175424
288 17003570176
289 17028754432
290 17044929536
291 17053348864
292 17078606848
293 17082409984
294 17090628608
295 17095912448
296 17107950592
297 17111268352
298 17116181504
299 17116464128
300 17119560704
301 17119720448
302 17121096704
303 17124699136
304 17128016896
305 17136145408
306 17140968448
307 17144609792
308 17145076736
309 17145961472
310 17150252032
311 17153385472
312 17179077632
313 17179147264
314 17183497216
315 17187918848
316 17191300096
317 17191543808
318 17192244224
319 17196121088
320 17251111936
321 17267176448
322 17292760064
323 17317372928
324 17380283392
325 17481657344
326 17649150976
327 17736414208
328 18218503168
329 18390848512
330 18399515648
331 18575848448
332 18657360896
333 18788928512
334 19146462208
335 19179527168
336 19191354368
337 19197983744
338 19229238272
339 19235818496
340 19255012352
341 19292754944
342 19349046272
343 19372847392
344 19616513024
345 20021402624
346 20137765376
347 20218482176
348 20499835904
349 20869571584
350 21272372224
351 21355301888
352 21387381248
353 21474389504
354 21517356544
355 21568135616
356 21755823616
357 21782494208
358 21864315392
359 22145749504
360 22603031552
361 22654802944
362 22699547648
363 22755515392
364 22822595584
365 22855957504
366 22889368576
367 22889716736
368 22922779648
369 22933916672
370 23038882816
371 23049995264
372 23188462592
373 23248495616
374 23606064128
375 23818703872
376 23829668864
377 23940365312
378 23941578736
379 24130444288
380 24214002688
381 25059611648
382 25811510272
383 25865890816
384 26205611008
385 26270729152
386 26798806016
387 26819943424
388 26846127104
389 30342284288
390 30747493376
391 31268979712
392 31299048448
393 31574500724
394 31919787008
395 32679252992
396 33045985184
397 33508132352
398 33588473824
399 33749645824
400 33887957504
401 34089432988
402 34164580864
403 34316567948
404 34544406016
405 34556234492
406 34587563452
407 34656459776
408 34672397728
409 34728543772
410 34751873536
411 34843163648
412 34855075328
413 34869524092
414 34916660224
415 34924231168
416 35009434624
417 35075512004
418 35131698688
419 35270010368
420 35339166208
421 35355941888
422 35390104576
423 35391151276
424 35870565376
425 36291075652
426 36314160128
427 36518210612
428 36638043884
429 36669372844
430 36810353164
431 37439282036
432 38015632384
433 38036098724
434 38059595444
435 38069777356
436 38076826372
437 38080742492
438 38087791508
439 38097190196
440 38318059364
441 38361067744
442 38994992128
443 39091076096
444 39234722816
445 39534282208
446 39774327808
447 39793439744
448 39831663616
449 40010299552
450 40085628896
451 40111272928
452 40412908264
453 41925910456
454 42528750592
455 42590225408
456 44085935104
457 44257207676
458 45612952576
459 47661282304
460 47731108864
461 48609022976
462 48821531648
463 51962156032
464 52667992576
465 52776945152
466 53432776192
467 53924649472
468 54525475328
469 54541896704
470 54569409536
471 54962343424
472 55152894976
473 55454216704
474 63498320896
475 63529960448
476 63879374336
477 64015565312
478 64491705856
479 64795411456
480 64858575872
481 65147327488
482 65716368896
483 66072609790
484 69457925632
485 69594116608
486 75321859072
487 75397723136
488 78781045568
489 85529406464
490 85865761792
491 90230610944
492 90900831232
493 91125707776
494 96743686016
495 98196134272
496 98620009472
497 99392408576
498 99488963584
499 99686462464
500 101566573568
501 101816505344
502 103526794912
503 106204181504
504 109170719992
505 111658126336
506 112321498112
507 113041605632
508 114141404156
509 114731912192
510 115015324672
511 115072007168
512 115242054656
513 115582149632
514 115695514624
515 115865562112
516 117549899648
517 135895635968
518 136063387648
519 136164038656
520 136264689664
521 136300723072
522 136362391552
523 136463263744
524 136564135936
525 136629499904
526 136662747136
527 136667293696
528 136730494976
529 136763766784
530 136902146048
531 136930125824
532 136963397632
533 136967624704
534 137002797056
535 137029941248
536 137069897728
537 137129756672
538 137134475264
539 137148921856
540 137167845376
541 137168488448
542 137202993152
543 137204099072
544 137215121408
545 137248221184
546 137250752512
547 137284696064
548 137303865344
549 137314420736
550 137317001216
551 137334695936
552 137350125568
553 137350961152
554 137352583168
555 137366398976
556 137368066048
557 137370130432
558 137371113472
559 137384093696
560 137403172864
561 137437485056
562 137482840064
563 137566296064
564 137585969152
565 137687472128
566 137718646784
567 137719392256
568 137754155008
569 137787369472
570 137869973504
571 137918777344
572 137955874816
573 138073913344
574 138140198912
575 138290272256
576 138326861824
577 138476644352
578 138725459968
579 139283838976
580 139333740544
581 139747948544
582 139937277952
583 140907677696
584 141145802752
585 141291010048
586 141596022784
587 142184302592
588 143563938688
589 143813344256
590 144496289792
591 144648501248
592 144954702848
593 145240042496
594 145318230016
595 145810721792
596 146241652736
597 146359310336
598 146804512768
599 147465549824
600 148096280576
601 149152176128
602 150486185984
603 151396820992
604 151560337408
605 151623522304
606 152080566272
607 152331241472
608 152484325376
609 152781457408
610 152919353344
611 152965781504
612 153067411456
613 153624930304
614 153648633856
615 153724217344
616 153743058944
617 153851201536
618 153948387328
619 154001434624
620 154002356224
621 154024118272
622 154026551296
623 154153326592
624 154177718272
625 154304223232
626 154328885248
627 154454898688
628 154455267328
629 154478761984
630 154553976832
631 154779621376
632 154781612032
633 154952910848
634 155253377024
635 155573352448
636 155767433216
637 156207540224
638 156326987776
639 156421044224
640 156927850496
641 157213140992
642 158980913152
643 159029909504
644 160725825536
645 161796319232
646 162568845184
647 164598880256
648 165387716608
649 166153639936
650 171677218816
651 175081720832
652 176036043776
653 176405960704
654 176642167808
655 178532538368
656 179252881408
657 179990964224
658 180126304256
659 181590329344
660 181634197504
661 181635196928
662 182332585984
663 182603331584
664 182870530048
665 182893829744
666 183004633088
667 183049222144
668 183139407872
669 183182989312
670 183317960704
671 183541151744
672 183585789952
673 184452859904
674 188634269696
675 194656311296
676 195713386496
677 197155530752
678 197340338176
679 199141861024
680 199165130848
681 199400414624
682 201181848928
683 202216063328
684 202311829504
685 202417735136
686 202549597472
687 202601308192
688 204124188896
689 205572089056
690 206000742016
691 206409619456
692 207454332928
693 208744541728
694 208876404064
695 208899673888
696 213249185792
697 213748886528
698 213983045632
699 214192719872
700 214234482688
701 214297556992
702 214423349248
703 214737491968
704 214757439488
705 215344681984
706 215447742464
707 215558595584
708 215866107904
709 216303014912
710 216698968064
711 216803436544
712 216906401792
713 218604587008
714 222891867136
715 225122987008
716 226238546944
717 226460804096
718 226571932672
719 226794189824
720 227687492608
721 227951937536
722 228210796544
723 230209472512
724 231776995328
725 232374697216
726 233651402752
727 238885206016
728 238946117632
729 241632188416
730 242592647168
731 246201223168
732 246525036544
733 246826719232
734 246946772992
735 247079394304
736 247248971776
737 247429937152
738 247550580736
739 247912511488
740 248033155072
741 248093476864
742 248153798656
743 248653801472
744 248834545664
745 249673112576
746 256168773632
747 264111330304
748 264763399168
749 264895517696
750 265131046384
751 265937815552
752 269609082592
753 273804179456
754 274151692216
755 274220849152
756 274247640416
757 277240981504
758 278654978048
759 278877470944
760 278956016608
761 279632332792
762 283535665184
763 283574938016
764 292843326368
765 292902235616
766 294100895744
767 295673120768
768 297362765632
769 297512429728
770 298363574272
771 305008437248
772 309264345088
773 313130776576
774 313743276032
775 314318600192
776 316844054528
777 320883636224
778 321036433408
779 324281663872
780 325887309824
781 326699288576
782 331354937344
783 331719008576
784 334415720768
785 337028160704
786 337056251456
787 337084342208
788 339668691392
789 339977689664
790 340005780416
791 340118143424
792 340230506432
793 342056405312
794 342140677568
795 342196859072
796 342337312832
797 342365403584
798 342393494336
799 347222628352
800 347731683328
801 348071053312
802 355851421696
803 359214428128
804 373926688768
805 381178574848
806 381551065088
807 381607094272
808 381737310208
809 382016677888
810 382072911872
811 390928049152
812 392720432128
813 393118739456
814 393716200448
815 400093355008
816 401288276992
817 402284045312
818 402881506304
819 403430868992
820 403819575296
821 405083981824
822 408329885696
823 408533223424
824 412974462976
825 424850028544
826 424960448512
827 433544689664
828 434077198336
829 435829086208
830 446615164768
831 449488795648
832 453930944512
833 466712061952
834 470008481792
835 470700648448
836 471046731776
837 472381465216
838 477105227776
839 481399199872
840 494478950216
841 501702719488
842 511106963072
843 512357128256
844 516404931008
845 517677832192
846 518057076736
847 518815565824
848 526241526784
849 528692040704
850 536890443776
851 550210087936
852 551300144128
853 554295686144
854 557020826624
855 576751261696
856 583314323456
857 595251140608
858 622198974464
859 646627354624
860 675323267072
861 731796251968
862 746843978432
863 747386425216
864 765085456384
865 767816754368
866 795037038592
867 795230283776
868 815116986368
869 831656223872
870 869006497792
871 891790170112
872 913239881728
873 914356877312
874 915700762624
875 915927652352
876 923958499328
877 924865632256
878 925999548416
879 926226331648
880 927360247808
881 958455535616
882 1009572479744
883 1011513484312
884 1014926686208
885 1015917307904
886 1016421308416
887 1028362565632
888 1028866328576
889 1093862207488
890 1094262132736
891 1094528749568
892 1095744352256
893 1096144965632
894 1096412041216
895 1096812654592
896 1096954302464
897 1097213267968
898 1097355358208
899 1097622728704
900 1097677770752
901 1097683038208
902 1097755291648
903 1097895374848
904 1097947492352
905 1098023784448
906 1098026627072
907 1098083741696
908 1098148032512
909 1098153005056
910 1098162294784
911 1098219065344
912 1098239248384
913 1098296774656
914 1098298691584
915 1098415108096
916 1098424438784
917 1098424840192
918 1098548645888
919 1098550718464
920 1098558009344
921 1098560155648
922 1098564374528
923 1098623184896
924 1098694807552
925 1098700238848
926 1098748481536
927 1098821152768
928 1098822250496
929 1098831589376
930 1098883887104
931 1098896355328
932 1098957983744
933 1098958016512
934 1098965774336
935 1098967937024
936 1098970886144
937 1099229548544
938 1099231645696
939 1099306110976
940 1099368476672
941 1099642138624
942 1099686940672
943 1100128237568
944 1100167278592
945 1100359012352
946 1100426104832
947 1100437540864
948 1100504133632
949 1100555726848
950 1100638318592
951 1100688453632
952 1100762107904
953 1100839202816
954 1100891475968
955 1100902002688
956 1101093318656
957 1101513592832
958 1101644935168
959 1102554462208
960 1102988234752
961 1103114891264
962 1103794253824
963 1103850606592
964 1104141553664
965 1104590737408
966 1105004720128
967 1105202778112
968 1105397297152
969 1107212423168
970 1107282366464
971 1107536064512
972 1107764744192
973 1109091291136
974 1109297942528
975 1109420388352
976 1109560881152
977 1111387154432
978 1111445204992
979 1114861268992
980 1115867385856
981 1116946051072
982 1117616402432
983 1123052007424
984 1123513004032
985 1127008145408
986 1127021965312
987 1127486296064
988 1128545554432
989 1142177312768
990 1143381192704
991 1143778881536
992 1145128824832
993 1146073870336
994 1146405146624
995 1150620790784
996 1155465211904
997 1168353357824
998 1178809954304
999 1184049508352
1000 1184318009344
1001 1185654616064
1002 1189685571584
1003 1190255325184
1004 1190983512064
1005 1192714440704
1006 1197141512192
1007 1199072260096
1008 1202376937472
1009 1203778482176
1010 1212437393408
1011 1212503535616
1012 1214979639296
1013 1216138203136
1014 1218866026496
1015 1219750162432
1016 1219929755648
1017 1220057851904
1018 1222147864576
1019 1222264557568
1020 1222570110976
1021 1223221669888
1022 1223526928384
1023 1224479617024
1024 1224784580608
1025 1225214038016
1026 1227970588672
1027 1229148532736
1028 1229392818176
1029 1229999501312
1030 1230356590592
1031 1231558012928
1032 1231866662912
1033 1231943520256
1034 1232246370304
1035 1232549220352
1036 1233069559808
1037 1233071771648
1038 1233678749696
1039 1233974276096
1040 1234280566784
1041 1234584793088
1042 1234883416064
1043 1234886807552
1044 1235183955968
1045 1235786215424
1046 1235792850944
1047 1235985944576
1048 1236698157056
1049 1237196607488
1050 1237592993792
1051 1237603315712
1052 1237801938944
1053 1238195253248
1054 1238496382976
1055 1238797512704
1056 1241677869056
1057 1241978359808
1058 1243354107904
1059 1244039032832
1060 1244254400512
1061 1244826210304
1062 1244938735616
1063 1245125963776
1064 1248330919936
1065 1249619996672
1066 1256917397504
1067 1262639681536
1068 1271578390528
1069 1271688042496
1070 1273928479744
1071 1276085410816
1072 1277638690816
1073 1285665247232
1074 1291911314432
1075 1292439728128
1076 1294068245504
1077 1297280454656
1078 1300543243264
1079 1301262220288
1080 1304225927168
1081 1310281166848
1082 1312284053504
1083 1318526077952
1084 1320936943616
1085 1325720052736
1086 1326184615936
1087 1326374457344
1088 1337651892224
1089 1343702887424
1090 1343818928128
1091 1345140841472
1092 1345859818496
1093 1350014857216
1094 1351615839232
1095 1352334816256
1096 1353772770304
1097 1354483412992
1098 1356519231488
1099 1356706189312
1100 1358734536704
1101 1361862848512
1102 1368879696896
1103 1382129020928
1104 1389153609728
1105 1390857132032
1106 1396311844864
1107 1407167451136
1108 1422109223936
1109 1423547177984
1110 1430741152768
1111 1432179106816
1112 1432884629504
1113 1446567056384
1114 1447243501568
1115 1450326953984
1116 1451691732992
1117 1451871514624
1118 1454601531392
1119 1455140089856
1120 1456037687296
1121 1457396338688
1122 1458074893312
1123 1460906012672
1124 1461630644224
1125 1462702075904
1126 1464313720832
1127 1464315244544
1128 1464670990336
1129 1464672710656
1130 1464849625088
1131 1464851443712
1132 1465745108992
1133 1466278703104
1134 1466996240384
1135 1467353706496
1136 1467532439552
1137 1467886415872
1138 1471356325888
1139 1471532142592
1140 1471534764032
1141 1472070078464
1142 1473140707328
1143 1474287448064
1144 1476070518784
1145 1481888985088
1146 1481894998016
1147 1482422726656
1148 1482492710912
1149 1489096044544
1150 1511712719992
1151 1518121398272
1152 1533668937728
1153 1533844099072
1154 1541411196928
1155 1542754914304
1156 1542929616896
1157 1544942391296
1158 1551048404992
1159 1565499387904 
1160 1579607478272
1161 1590817681408
