70
836
4030
5830
7192
7912
9272
10430
10570
10792
10990
11410
11690
12110
12530
12670
13370
13510
13790
13930
14770
15610
15890
16030
16310
16730
16870
17272
17570
17990
18410
18830
18970
19390
19670
19810
20510
21490
21770
21910
22190
23170
23590
24290
24430
24710
25130
25690
26110
26530
26810
27230
27790
28070
28630
29330
29470
30170
30310
30730
31010
31430
31990
32270
32410
32690
33530
34090
34370
34930
35210
35630
36470
36610
37870
38290
38990
39410
39830
39970
40390
41090
41510
41930
42070
42490
42910
43190
43330
44170
44870
45010
45290
45356
45710
46130
46270
47110
47390
47810
48370
49070
49630
50330
50890
51310
51730
52010
52570
52990
53270
53830
54110
55090
55790
56630
56770
57470
57610
57890
58030
58730
59710
59990
60130
60410
61390
61670
61810
62090
63490
63770
64330
65030
65590
65870
66290
66710
67690
67970
68390
68810
69370
69790
70630
70910
71330
71470
72170
72310
72730
73430
73570
73616
74270
74410
74830
76090
76370
76510
76790
77210
77630
78190
78610
79030
80570
80710
81410
81970
82670
83090
83312
83510
84070
84910
85190
85610
86030
86170
86590
87430
88130
89390
89530
89810
90230
90370
90790
91070
91210
91388
91490
92330
92470
92890
95270
95690
96110
96670
97930
98630
99610
99890
100030
100310
100730
101290
101570
101710
102130
102970
103670
103810
104090
104230
104510
104930
105770
106610
107170
108010
108430
108710
109130
109690
109970
110530
110810
111790
112070
112490
112630
112910
113072
113330
113470
113890
114590
115990
116410
116690
116830
118510
118790
118930
119630
120470
120610
121310
121870
122290
122710
123130
124390
124810
125090
125230
126070
126770
127610
128170
129290
130270
130690
130970
131110
131390
131530
132230
133070
133490
133910
135170
135310
136430
136570
138110
138530
139090
139510
139790
139930
140210
140770
141190
141890
142030
142730
143710
144410
144830
145670
145810
146090
146230
146930
147770
147910
149030
149170
149590
149870
150010
150710
151270
152530
154210
154490
154910
155470
156590
156730
157010
157570
158690
158830
159110
159670
160090
160510
160790
161630
161770
163310
163730
163870
164290
164570
164990
165970
166390
166670
166810
167230
167510
167930
168770
169190
169610
170590
170870
171290
172130
172690
173110
173390
175210
176470
177170
177730
178010
178430
178570
178990
180530
181370
181510
182630
183190
183470
184310
185290
185990
186130
186410
186970
187390
187810
188090
188230
188510
188930
189490
189770
189910
190330
191030
191170
191870
192430
192710
193690
194390
195230
195370
195790
196070
196210
197330
198310
198590
199010
199570
199990
200270
201530
202090
202790
203210
203630
204190
204890
205730
206710
206990
207410
207830
207970
209930
210070
210770
211330
211610
212590
212870
213430
214270
214690
215530
215810
216230
217630
218330
218470
219590
221410
221690
221830
222670
222952
223090
223370
224210
224630
225190
225470
226030
227570
227710
227990
228130
228970
230930
231070
231490
231910
232330
232610
233030
233170
234010
234290
235130
235270
235970
236110
237230
237370
238490
238910
240310
241430
241990
242270
242410
242690
242830
243892
244370
244930
245770
246190
246890
247030
247310
247730
247870
248290
248990
249130
249970
250670
250810
251510
252490
252910
253190
253610
254012
254170
254590
255010
256130
256970
257110
257390
258370
258790
259070
259630
260330
260890
261310
261730
263270
263690
263830
264530
265510
265790
266210
267470
267610
268310
269290
269570
269710
270410
271390
271670
272230
273490
273770
274190
274330
274610
275030
275170
276010
276290
277690
279230
280070
280210
280490
280910
281330
281470
281890
283430
283570
283990
285110
285530
286370
286510
286930
287770
288890
289030
289310
289730
290710
290990
291130
292390
294070
294770
295190
295330
296030
296170
296870
297010
297710
298130
298270
298970
299110
299810
300230
300790
302890
303590
303730
304430
304990
305410
306110
307370
307790
308630
309470
309610
310870
311290
311570
311990
312410
313670
313810
314510
315490
315910
316190
316330
316610
318290
318430
319270
319690
320810
321370
321790
322210
323470
324590
324730
325010
325430
325570
325990
326410
327110
327530
328370
329210
330470
330610
331030
331310
332570
333130
334810
335090
335230
335510
335930
336070
336910
337190
338170
338572
340270
340970
341390
342230
343210
343630
343876
344330
345170
345310
345590
346010
346570
346990
347690
347830
348110
349090
349510
349930
350210
350630
350770
351470
351610
351956
352730
353570
354130
355390
355670
356090
356930
357070
357490
357910
358330
360290
360710
361690
361970
362530
363230
363790
364630
365890
366170
366310
366590
368270
369110
369530
369670
370790
371210
371630
372610
373310
374290
374570
376670
377090
377510
377930
378490
378910
379190
379330
380170
380590
380870
381010
381430
382970
383390
383530
383810
385070
385210
385490
386330
386470
386890
387170
388076
388990
389410
389830
390110
390670
391370
393610
394730
394870
395290
395570
395710
395990
396130
396830
397810
398230
398510
399070
399770
400190
401590
401870
402010
402430
404530
404810
405370
406070
406490
406910
407132
407470
407890
408730
409010
409430
409570
409990
410270
410476
410690
410830
411530
411670
412790
413210
414610
414890
415730
416710
418670
419090
420490
420770
422030
422590
423010
423290
423710
424690
425110
425530
426230
426370
427070
427910
428470
429170
429310
430010
430570
431410
432110
433790
433930
434210
434770
435190
435470
436030
437290
437990
438410
438830
438970
439390
440090
440930
441070
441770
442190
442610
443030
443590
444010
444710
445130
445270
445690
446110
446530
447230
447790
449470
449890
451430
451570
452830
453110
453670
454370
456470
457030
458290
458570
458710
459410
459830
459970
460390
460670
461930
462490
463330
464590
465652
465710
466130
466270
467110
467530
468230
468370
469070
469210
469630
470330
470668
471310
471590
473270
473410
474530
474670
475370
475510
475684
476210
477356
477610
477890
478030
478310
478870
479990
480410
480830
480970
481810
482372
482930
483490
483770
484190
486290
486430
487130
487270
487690
487970
488390
488810
489370
489790
490070
490732
490910
491330
491890
492730
493010
493990
494830
495530
495748
497210
497630
498470
498890
499030
500570
500764
501130
502390
502436
503090
503510
504490
504770
504910
505330
506030
506590
507010
507290
507452
507710
509810
510790
511490
511630
512468
512470
513170
513310
514430
514570
515812
515830
517484
517510
518770
519190
519712
520310
521570
521990
522130
523390
523670
524090
524230
524930
525490
526190
526610
527030
527516
527590
527870
528290
528430
529130
529270
530110
530390
530810
531230
531370
532210
532490
533470
534730
535010
535430
535876
536830
537110
537548
537670
538090
538370
538930
539210
539744
540190
540610
540890
540892
541870
542710
542990
543130
545230
545510
545908
547190
547610
548030
548870
549710
550690
550924
551110
551390
551530
551810
552596
553070
553490
554330
554890
555310
555590
555616
556430
556570
557410
559510
560630
560770
561190
562628
562730
563710
564130
564830
565670
565972
566090
566230
566510
567070
567770
568190
568610
570290
570988
571270
571690
571970
572530
573370
574630
575330
575470
576170
576310
576590
577010
577676
578410
578830
579110
580090
580370
580510
580790
581770
582190
583030
584710
585410
585830
586036
586390
587090
587230
589330
589610
590030
590170
591010
591290
592270
592690
592724
595070
595910
596470
596890
597590
597730
598010
599410
600110
600670
601084
601790
601930
602630
603610
603890
604030
604870
605290
606410
606830
607390
607670
607772
608230
608510
608930
609490
609910
610330
611170
611590
611870
612290
612710
612788
613270
614530
614810
616210
616490
617330
617470
617804
618170
618590
618730
619430
620270
620410
620690
621148
622090
622510
624610
625030
625310
625870
626570
627410
627830
627836
627970
629930
630070
630490
630770
630910
632030
632852
632870
633010
633430
634130
634690
636196
636370
637210
637630
638890
639310
639590
640570
640990
641270
642110
642670
642884
643090
643930
644210
644630
645470
645890
646228
646730
646870
647990
649390
649670
649810
650510
651770
652330
652610
653590
653870
654010
654430
655970
656390
657370
657790
657932
658210
658910
659330
659470
660170
660310
660590
660730
662270
662410
662690
663110
663530
664370
664790
665770
666292
666470
667310
667730
668290
668570
671090
672070
672910
673330
673610
674030
674170
675010
675430
676270
676324
677390
677530
677996
678230
678790
680330
680470
681310
681730
682010
682430
682592
683690
683830
684670
685090
685370
686210
686356
686770
687190
688028
688030
688310
688730
689570
689990
690130
690970
691372
691810
692090
693044
693070
693490
694610
695030
695170
695870
696430
697690
698110
700490
700630
701404
702590
702730
704270
704690
704830
705530
706370
706510
706930
707210
707770
709310
709730
709870
710570
711130
711410
711830
712390
712670
713108
713510
714770
715610
716452
717010
717290
717710
718124
718130
718690
718970
719110
720230
721070
721210
721468
721910
722470
723170
723310
723590
724010
724990
725830
727370
727930
729890
730030
730310
731710
731990
732130
732410
733172
733390
734090
734930
735070
735910
736516
737030
737170
738188
739130
739690
741230
741532
741790
742070
742490
742910
743890
744170
744730
745570
745990
746410
746690
748090
748370
749630
749770
750610
751030
751310
751730
752710
753970
754670
755230
755930
758170
758252
758590
759290
759710
760130
760270
760690
761596
761810
762230
762370
763210
763630
765590
765730
766430
766990
768110
768284
768530
769090
769510
770210
771890
773290
773990
774130
774830
774970
775810
776090
776510
776644
777910
778190
778330
779170
780430
781130
781270
781970
782110
782390
783332
783790
784910
786208
786676
786730
787010
787570
787990
788270
789110
789530
790090
790930
791692
791770
792190
792470
793030
794570
794710
795830
796708
796810
797510
797930
798770
799610
800590
801010
801290
802690
802970
803810
804230
804370
804790
805210
806330
806890
808412
808430
808570
810530
811090
811510
811756
811790
813190
813470
814310
815990
816772
817390
817670
818230
818930
819070
820190
820330
821170
821788
822010
824390
824530
824810
825230
826070
826490
826910
827470
827890
828170
828310
828476
828730
830410
830690
832090
832790
833210
833492
833630
834610
834890
835310
835730
835870
836710
837130
837830
837970
838670
839090
840490
840770
842590
842870
843010
843430
843524
844970
845110
846790
846868
847070
847490
847630
847910
848330
850010
850430
850990
851270
851410
851884
853556
853790
854210
854770
855890
856730
856870
857570
857710
858410
858830
859390
859670
860230
861070
861916
862610
863030
863588
864010
864290
866110
866390
866530
867370
868070
868604
868630
868910
869470
870310
870590
871570
871990
873110
873530
874090
874370
874790
875210
875770
876190
876890
876964
877730
877870
878290
878636
878710
879830
880390
880810
881230
882070
882770
882910
883330
884590
884870
885290
885710
886130
886970
886996
888230
888668
888790
889210
889910
890470
891730
892010
892990
893410
893684
894670
895370
895930
896630
897470
897610
898030
898870
899710
902230
902510
902930
903490
903770
904190
904330
904610
905870
906710
907130
907690
908110
908530
908732
908810
910070
910210
910490
910630
912076
912310
912590
913010
913430
913748
914410
916510
916930
917092
917210
917630
918470
918890
920290
920570
921130
921410
921970
922108
922390
922810
923090
925190
925330
926030
926870
927124
927430
928130
928690
930370
930790
931630
931910
932890
933170
933590
933730
933812
935690
936670
937790
937930
938770
938828
939190
939470
940870
941570
941990
942410
942830
943390
943844
944090
944930
945910
946610
947590
948710
949690
950390
951370
951790
952910
953330
953890
954310
955430
956830
957530
957670
958090
958370
958510
958790
959630
959770
960470
960610
961030
962236
962570
962990
963130
963410
963908
964670
965230
965930
966490
968030
968170
968870
970130
971110
971390
971530
971810
972268
973070
973210
973490
973910
974470
975170
975310
977410
977690
978956
979790
979930
980630
980770
982030
982310
983570
983990
984970
985670
985810
986090
987316
987490
990010
990430
990710
991130
992110
992332
992390
993790
994490
995470
997010
997348
997430
997570
999670
